For the filtered sine wave :

16816
15888
13552
10144
7920
5184
1552
-1776
-4872
-7208
-9304
-11800
-15160
-17000
-18664
-19216
-19536
-18608
-16272
-12864
-10640
-7904
-4272
-944
2152
4488
6584
9080
12440
14280
15944
16496
16816
15888
13552
10144
7920
5184
1552
-1776
-4872
-7208
-9304
-11800
-15160
-17000
-18664
-19216
-19536
-18608
-16272
-12864
-10640
-7904
-4272
-944
2152
4488
6584
9080
12440
14280
15944
16496
16816
15888
13552
10144
7920
5184
1552
-1776
-4872
-7208
-9304
-11800
-15160
-17000
-18664
-19216
-19536
-18608
-16272
-12864
-10640
-7904
-4272
-944
2152
4488
6584
9080
12440
14280
15944
16496
16816
15888
13552
10144
7920
5184
1552
-1776
-4872
-7208
-9304
-11800
-15160
-17000
-18664
-19216
-19536
-18608
-16272
-12864
-10640
-7904
-4272
-944
2152
4488
6584
9080
12440
14280
15944
16496


For the original sine wave to verify working of the plotter

-1664
4928
11840
7936
16384
14400
16256
14208
7104
9664
4864
13888
7232
11584
-1728
-2368
-9088
-13760
-15424
-9856
-5504
-14656
-10368
-10560
-11584
-7104
-15104
-12992
-7488
-1728
-6144
-4928
-1664
4928
11840
7936
16384
14400
16256
14208
7104
9664
4864
13888
7232
11584
-1728
-2368
-9088
-13760
-15424
-9856
-5504
-14656
-10368
-10560
-11584
-7104
-15104
-12992
-7488
-1728
-6144
-4928
-1664
4928
11840
7936
16384
14400
16256
14208
7104
9664
4864
13888
7232
11584
-1728
-2368
-9088
-13760
-15424
-9856
-5504
-14656
-10368
-10560
-11584
-7104
-15104
-12992
-7488
-1728
-6144
-4928
-1664
4928
11840
7936
16384
14400
16256
14208
7104
9664
4864
13888
7232
11584
-1728
-2368
-9088
-13760
-15424
-9856
-5504
-14656
-10368
-10560
-11584
-7104
-15104
-12992
-7488
-1728
-6144


